NSEI

      count      mean       std       var
Y                                        
2018    245  0.015949  0.811603  0.658699
2019    241  0.050930  0.878229  0.771286
2020    250  0.075373  1.973541  3.894864
2021    248  0.092009  0.986076  0.972345
2022    248  0.023038  1.091527  1.191431


DJI

      count      mean       std       var
Y                                        
2018    251 -0.016725  1.127897  1.272153
2019    252  0.083104  0.783414  0.613738
2020    253  0.054617  2.315549  5.361768
2021    252  0.071200  0.783023  0.613124
2022    251 -0.028839  1.248748  1.559370


IXIC

      count      mean       std       var
Y                                        
2018    251 -0.007113  1.317278  1.735222
2019    252  0.124679  0.986504  0.973190
2020    253  0.168426  2.236090  5.000097
2021    252  0.083367  1.134545  1.287192
2022    251 -0.139848  2.012311  4.049396


HSI

      count      mean       std       var
Y                                        
2018    246 -0.051757  1.242918  1.544846
2019    246  0.040287  1.001020  1.002040
2020    248 -0.003146  1.470217  2.161539
2021    247 -0.053392  1.266373  1.603700
2022    246 -0.047222  2.063998  4.260090


N225

      count      mean       std       var
Y                                        
2018    246 -0.044944  1.213066  1.471528
2019    241  0.073175  0.871947  0.760292
2020    242  0.074688  1.637341  2.680885
2021    245  0.026416  1.172005  1.373596
2022    244 -0.032061  1.286753  1.655732


GDAXI

      count      mean       std       var
Y                                        
2018    251 -0.075521  0.977522  0.955549
2019    251  0.094333  0.881551  0.777132
2020    254  0.035396  2.076106  4.310217
2021    255  0.061596  0.905203  0.819393
2022    257 -0.040572  1.467749  2.154286
