
NSEI

      count      mean       std       var
YEAR                                     
2018    260  0.011858  0.804320  0.646931
2019    260  0.061655  0.862269  0.743508
2020    262  0.059276  2.003775  4.015114
2021    261  0.093951  0.979932  0.960268
2022    260  0.054513  1.096428  1.202155


DJI

      count      mean       std       var
YEAR                                     
2018    260 -0.034755  1.142622  1.305584
2019    260  0.098867  0.783563  0.613972
2020    262  0.056509  2.277254  5.185886
2021    261  0.074976  0.772875  0.597336
2022    260 -0.024515  1.237294  1.530896


IXIC

      count      mean       std       var
YEAR                                     
2018    260 -0.020231  1.329736  1.768199
2019    260  0.132933  0.974714  0.950068
2020    262  0.170412  2.199609  4.838279
2021    261  0.095541  1.123517  1.262289
2022    260 -0.124394  2.000332  4.001327


HSI

      count      mean       std       var
YEAR                                     
2018    260 -0.034949  1.243767  1.546955
2019    260  0.033120  0.980864  0.962095
2020    262  0.026129  1.444816  2.087493
2021    261 -0.028481  1.262121  1.592949
2022    260 -0.020744  2.054467  4.220835


N225

      count      mean       std       var
YEAR                                     
2018    260 -0.047420  1.198187  1.435653
2019    260  0.065377  0.860102  0.739776
2020    262  0.013181  1.614888  2.607863
2021    261  0.028503  1.152231  1.327636
2022    260 -0.036233  1.261568  1.591553


GDAXI

      count      mean       std       var
YEAR                                     
2018    260 -0.055542  0.975185  0.950985
2019    260  0.084212  0.887599  0.787832
2020    262  0.042611  2.063860  4.259519
2021    261  0.070506  0.898895  0.808012
2022    260 -0.034584  1.460441  2.132887
